$SPEC_ID:
No sample description was entered.
$SPEC_REM:
DET# 1
DETDESC# MYON MCB 337
AP# Maestro Version 6.06
$DATE_MEA:
01/10/2022 13:24:12
$MEAS_TIM:
181285 181286
$DATA:
0 511
       0
       0
       0
       0
     134
     165
     192
     185
     189
     168
     154
     144
     153
     158
     144
     149
     161
     129
     132
     139
     109
     146
     115
     115
     116
     107
     100
     114
     119
     110
      98
     119
     106
     105
      88
      90
     106
      85
     102
      88
      97
      99
      89
      85
      83
      76
      89
      82
      78
      66
      96
      69
      68
      83
      69
      67
      66
      57
      58
      56
      56
      69
      55
      62
      54
      63
      60
      41
      53
      44
      49
      53
      40
      45
      45
      54
      60
      50
      39
      47
      47
      42
      45
      40
      29
      34
      42
      30
      40
      27
      37
      40
      37
      23
      30
      31
      27
      28
      29
      26
      27
      19
      32
      31
      23
      25
      15
      24
      26
      24
      22
      10
      24
      18
      20
      19
      19
      22
      16
      13
      11
      21
      19
      20
      23
      19
      13
      21
      15
      15
      16
      14
      13
      15
      12
      13
      18
      14
      11
      10
      15
      11
      12
      18
      14
      15
       8
      19
      10
      15
       8
      14
      10
       7
       6
       9
      13
       8
       9
      13
      13
       8
      10
      19
      13
      10
      17
      13
       7
      14
       8
       8
      10
      11
       6
       4
       6
       6
      12
       6
       5
       9
       8
      11
      10
       6
      10
       7
       7
      10
       6
       6
       8
       5
       7
       4
       8
       1
      10
       6
       5
       7
       8
       8
       4
       8
       5
       5
      11
       9
       7
       7
       2
       6
       7
       6
       3
       3
       9
       5
       6
       2
       5
       4
       7
       6
       6
       4
       0
       0
       0
       0
       0
       0
       0
       0
       0
       0
       0
       0
       0
       0
       0
       0
       0
       0
       0
       0
       0
       0
       0
       0
       0
       0
       0
       0
       0
       0
       0
       0
       0
       0
       0
       0
       0
       0
       0
       0
       0
       0
       0
       0
       0
       0
       0
       0
       0
       0
       0
       0
       0
       0
       0
       0
       0
       0
       0
       0
       0
       0
       0
       0
       0
       0
       0
       0
       0
       0
       0
       0
       0
       0
       0
       0
       0
       0
       0
       0
       0
       0
       0
       0
       0
       0
       0
       0
       0
       0
       0
       0
       0
       0
       0
       0
       0
       0
       0
       0
       0
       0
       0
       0
       0
       0
       0
       0
       0
       0
       0
       0
       0
       0
       0
       0
       0
       0
       0
       0
       0
       0
       0
       0
       0
       0
       0
       0
       0
       0
       0
       0
       0
       0
       0
       0
       0
       0
       0
       0
       0
       0
       0
       0
       0
       0
       0
       0
       0
       0
       0
       0
       0
       0
       0
       0
       0
       0
       0
       0
       0
       0
       0
       0
       0
       0
       0
       0
       0
       0
       0
       0
       0
       0
       0
       0
       0
       0
       0
       0
       0
       0
       0
       0
       0
       0
       0
       0
       0
       0
       0
       0
       0
       0
       0
       0
       0
       0
       0
       0
       0
       0
       0
       1
       0
       0
       0
       0
       0
       0
       0
       0
       0
       0
       0
       0
       0
       0
       0
       0
       0
       0
       0
       0
       0
       0
       0
       0
       0
       0
       0
       0
       0
       0
       0
       0
       0
       0
       0
       0
       0
       0
       0
       0
       0
       0
       0
       0
       0
       0
       0
       0
       0
       0
       0
       0
       0
       0
       0
       0
       0
       0
       0
       0
       0
       0
       0
       0
       0
       0
       0
       0
       0
       0
       0
       0
       0
       0
       0
       0
       0
       0
       0
       0
$ROI:
0
$PRESETS:
None
0
0
$ENER_FIT:
-2.326062 0.088583
$MCA_CAL:
3
-2.326062E+000 8.858320E-002 -1.636990E-004 micr
$SHAPE_CAL:
3
0.000000E+000 0.000000E+000 0.000000E+000
