$SPEC_ID:
PRAK02 Easy-MCA-2k SN
$SPEC_REM:
DET# 1
DETDESC# PRAK01 Easy-MCA-2k SN 15071856
AP# Maestro Version 7.01
$DATE_MEA:
01/11/2002 17:54:47
$MEAS_TIM:
240 241
$DATA:
0 511
       0
       0
       0
       0
       0
       0
       0
       0
       0
       5
       1
       2
       6
       6
       6
       7
      21
      32
     100
     487
     564
     585
     553
     586
     625
     624
     683
     606
     675
     658
     659
     694
     745
     624
     690
     704
     740
     675
     743
     776
     867
     833
     814
     825
     824
     821
     794
     810
     793
     754
     783
     706
     740
     715
     689
     700
     697
     645
     673
     673
     642
     625
     655
     636
     652
     667
     628
     636
     656
     619
     633
     644
     638
     625
     658
     683
     638
     666
     622
     653
     638
     663
     666
     667
     697
     650
     647
     646
     592
     572
     506
     502
     459
     449
     367
     354
     288
     305
     288
     251
     260
     246
     217
     221
     240
     264
     243
     253
     226
     255
     243
     272
     271
     294
     329
     382
     476
     636
     889
    1158
    1527
    2097
    2701
    3352
    3779
    4101
    4388
    4407
    4026
    3594
    3110
    2439
    1763
    1283
     908
     522
     324
     174
     115
      51
      29
      22
       7
       6
       6
       4
       5
       2
       5
       1
       7
       3
       6
       5
       5
       2
       6
       5
       4
       5
       4
       4
       5
       4
       5
       3
       6
       6
       6
       7
       4
       3
       3
       2
       2
       4
       6
       3
      10
       6
       6
       4
       9
       6
       5
       0
       5
       4
       3
       6
       3
       2
       2
       5
       2
       4
       2
       6
       1
       3
       2
       2
       6
       3
       3
       4
       2
       5
       5
       7
       5
       3
       7
       3
       1
       3
       4
       5
       2
       1
       9
       1
       2
       4
       1
       5
       0
       2
       4
       2
       3
       3
       3
       2
       1
       2
       3
       1
       4
       1
       5
       3
       1
       2
       0
       1
       1
       1
       0
       0
       0
       0
       1
       3
       3
       1
       2
       1
       3
       2
       5
       4
       4
       5
       4
       2
       3
      10
       3
       2
       3
       2
       3
       2
       3
       1
       0
       2
       1
       2
       2
       0
       1
       1
       1
       2
       1
       1
       0
       0
       1
       1
       1
       3
       3
       0
       0
       2
       0
       1
       1
       1
       0
       0
       1
       0
       1
       3
       1
       1
       0
       0
       2
       0
       2
       1
       2
       0
       0
       1
       0
       1
       1
       0
       1
       1
       0
       0
       0
       0
       0
       0
       1
       1
       1
       0
       0
       1
       1
       0
       0
       0
       1
       0
       1
       0
       0
       0
       1
       0
       0
       0
       0
       1
       2
       0
       1
       0
       1
       0
       1
       0
       1
       0
       0
       0
       0
       0
       0
       0
       1
       0
       1
       1
       0
       2
       0
       0
       0
       0
       0
       0
       0
       0
       0
       1
       2
       0
       0
       0
       0
       0
       1
       0
       2
       0
       1
       0
       0
       0
       0
       0
       0
       0
       0
       0
       2
       0
       1
       0
       0
       2
       3
       0
       0
       0
       0
       1
       1
       1
       1
       1
       0
       0
       0
       0
       0
       0
       0
       0
       0
       0
       1
       0
       0
       0
       0
       0
       0
       1
       2
       0
       0
       0
       0
       0
       0
       0
       0
       0
       0
       0
       0
       0
       0
       0
       0
       0
       1
       2
       0
       1
       2
       0
       0
       0
       0
       0
       1
       0
       1
       0
       0
       1
       1
       1
       0
       0
       1
       0
       1
       0
       1
       1
       0
       0
       0
       0
       0
       0
       0
       0
       0
       0
       0
       0
       0
       0
       0
       0
       0
       0
       0
       0
       0
       0
       0
       0
       0
       0
       0
       0
$ROI:
1
122 132
$PRESETS:
Live Time
240
0
$ENER_FIT:
0.000000 5.426229
$MCA_CAL:
3
0.000000E+000 5.426229E+000 0.000000E+000 keV
$SHAPE_CAL:
3
0.000000E+000 0.000000E+000 0.000000E+000
