       0 
       511
       0
       0
       0
       0
       0
       0
       0
       0
       0
       0
       0
       0
       0
       0
       0
       0
       0
       0
       2
      28
      54
      44
      40
      55
      47
      63
      63
      68
      83
      77
      89
      76
      95
      93
      90
      94
      84
      91
     108
      81
      85
      99
      81
      95
      72
      89
      69
      75
      88
      59
      73
      65
      68
      61
      67
      55
      46
      54
      47
      54
      57
      51
      43
      40
      49
      40
      48
      54
      37
      45
      42
      45
      53
      49
      30
      50
      32
      35
      36
      35
      32
      49
      28
      32
      31
      29
      35
      27
      32
      36
      31
      37
      30
      22
      22
      29
      20
      15
      25
      20
      24
      15
      15
      13
      15
      18
      22
      13
      15
      20
      17
      19
      15
      23
      19
      28
      22
      41
      52
      55
      74
      89
     117
     123
     136
     155
     147
     142
     131
     126
      95
      83
      46
      53
      38
      18
      16
      12
       8
       5
       9
       2
       1
       6
       6
       7
       9
       2
       4
       2
       3
       3
       6
       6
       9
       5
       5
      11
       6
       4
       4
       7
       2
       7
       5
       3
       4
       2
       6
       6
       7
       6
       6
       2
       2
       5
       4
       2
       3
       2
       2
       3
       5
       5
       6
       2
       6
       4
       6
       3
       4
       3
       6
       6
       3
       2
       5
       4
       1
       6
       3
       2
       4
       2
       3
       1
       2
       1
       5
       0
       1
       6
       6
       1
       2
       1
       4
       5
       7
       3
       3
       1
       1
       4
       3
       3
       2
       2
       4
       5
       4
       3
       2
       1
       1
       1
       3
       1
       1
       1
       1
       3
       2
       0
       0
       1
       3
       3
       3
       3
       0
       1
       1
       3
       3
       3
       3
       4
       6
       3
       2
       1
       1
       3
       6
       4
       4
       4
       4
       2
       1
       2
       2
       1
       4
       2
       2
       3
       1
       0
       2
       1
       3
       1
       2
       0
       2
       0
       2
       0
       1
       0
       1
       0
       1
       1
       1
       0
       0
       1
       0
       0
       0
       0
       2
       0
       2
       1
       1
       1
       0
       1
       1
       1
       0
       0
       0
       1
       0
       0
       0
       1
       0
       0
       0
       0
       0
       2
       0
       0
       0
       0
       2
       0
       1
       0
       0
       1
       0
       1
       0
       0
       1
       1
       0
       1
       1
       0
       0
       0
       0
       1
       0
       0
       1
       0
       0
       1
       1
       0
       1
       0
       0
       0
       0
       0
       0
       2
       0
       0
       0
       0
       1
       0
       0
       2
       0
       0
       0
       0
       0
       1
       1
       0
       1
       1
       1
       0
       0
       0
       0
       1
       0
       1
       1
       2
       1
       0
       1
       0
       3
       0
       0
       1
       0
       1
       0
       0
       1
       0
       1
       0
       0
       0
       0
       1
       0
       0
       0
       0
       0
       0
       0
       0
       0
       0
       0
       0
       0
       1
       0
       0
       0
       0
       0
       0
       0
       1
       1
       0
       0
       0
       1
       3
       0
       0
       0
       0
       0
       0
       0
       0
       0
       0
       0
       0
       0
       0
       0
       0
       0
       0
       0
       0
       0
       1
       0
       1
       0
       0
       0
       0
       1
       0
       0
       0
       0
       0
       0
       0
       0
       0
       1
       0
       0
       0
       0
       0
       0
       0
       0
       0
       0
       0
       0
       0
       0
       0
       0
       0
       0
       0
       0
       0
       0
       0
       0
       0
       0
       0
       0
       0