       0 
       511
       0
       0
       0
       0
       0
       0
       0
       0
       0
       0
       0
       0
       1
       1
      10
      15
      15
      17
      15
      45
      51
      51
      63
      68
      66
      75
      70
      85
      74
      66
      67
      85
      75
      92
      93
      79
      90
      87
     100
      76
      95
      83
     108
      81
     109
      81
      83
      74
      80
      63
      61
      60
      59
      54
      65
      60
      56
      47
      63
      59
      66
      40
      51
      53
      43
      51
      53
      40
      48
      49
      46
      47
      45
      35
      42
      44
      26
      38
      37
      33
      39
      33
      31
      41
      34
      31
      26
      36
      28
      27
      28
      32
      26
      23
      21
      25
      24
      22
      17
      14
      15
      15
      14
      20
      19
      20
      17
      18
      21
      17
      10
      20
      21
      13
      21
      22
      19
      22
      43
      66
      70
      85
      86
     127
     121
     121
     167
     154
     146
     132
     106
      73
      67
      42
      47
      23
      13
      15
      10
       6
       8
       6
       7
       4
       8
       6
       4
       3
       7
       4
       3
       7
       5
       7
       6
       3
       4
       3
       6
       4
       3
       7
       3
       4
       3
       5
       5
       3
       7
       6
       5
       3
       5
       1
       2
       6
       1
       3
       3
       2
       5
       2
       4
       4
       4
       6
       6
       2
       7
       4
       3
       4
       6
       1
       4
       1
       2
       5
       4
       3
       2
       4
       3
       1
       3
       2
       4
       6
       1
       4
       3
       2
       1
       2
       3
       2
       1
       2
       2
       3
       0
       2
       1
       2
       3
       2
       3
       2
       1
       3
       1
       2
       3
       1
       0
       2
       0
       4
       0
       3
       1
       2
       1
       4
       3
       0
       1
       3
       2
       1
       0
       2
       0
       2
       2
       4
       2
       0
       2
       2
       5
       2
       3
       5
       0
       3
       3
       2
       6
       4
       4
       2
       3
       0
       1
       3
       3
       3
       1
       2
       1
       1
       3
       2
       0
       0
       1
       0
       2
       1
       0
       0
       2
       3
       2
       2
       0
       1
       0
       1
       0
       1
       1
       1
       0
       0
       2
       1
       1
       0
       0
       0
       0
       2
       0
       0
       0
       0
       1
       0
       0
       2
       0
       2
       1
       0
       1
       0
       0
       0
       0
       2
       1
       2
       0
       1
       1
       1
       1
       0
       0
       2
       3
       2
       1
       0
       1
       2
       0
       1
       1
       1
       1
       1
       1
       0
       0
       0
       0
       0
       0
       0
       0
       0
       0
       0
       0
       0
       0
       0
       0
       1
       1
       1
       0
       0
       0
       0
       0
       0
       0
       0
       1
       2
       0
       0
       1
       0
       0
       0
       0
       1
       0
       0
       0
       0
       0
       0
       0
       0
       0
       2
       0
       1
       0
       0
       0
       1
       1
       1
       0
       0
       1
       0
       0
       0
       1
       0
       0
       0
       0
       1
       0
       0
       0
       1
       1
       0
       0
       1
       0
       0
       0
       0
       1
       1
       0
       1
       0
       0
       0
       1
       0
       0
       0
       0
       1
       0
       0
       0
       0
       2
       1
       1
       0
       0
       1
       1
       0
       0
       0
       0
       0
       0
       1
       1
       0
       0
       1
       1
       1
       1
       0
       0
       0
       1
       0
       0
       0
       1
       0
       0
       0
       0
       0
       0
       0
       0
       0
       0
       0
       0
       0
       0
       0
       0
       0
       0
       0
       0
       0
       0
       0
       0
       0
       0
       0
       0
       0
       0
       0
       0