$SPEC_ID:
PRAK02 Easy-MCA-2k SN
$SPEC_REM:
DET# 1
DETDESC# PRAK01 Easy-MCA-2k SN 15071856
AP# Maestro Version 7.01
$DATE_MEA:
01/11/2002 19:37:24
$MEAS_TIM:
240 241
$DATA:
0 511
       0
       0
       0
       0
       0
       0
       0
       0
       0
       0
       0
       0
       0
       0
       0
       0
       0
       0
       5
      36
      39
      42
      60
      56
      49
      70
      72
      88
      74
      79
      85
      98
      89
      97
      94
      92
      86
      85
      81
     101
      71
      90
      89
     111
      89
      87
      64
      66
      80
      70
      69
      73
      48
      62
      61
      46
      71
      47
      47
      60
      54
      40
      62
      57
      38
      50
      45
      28
      42
      30
      37
      30
      51
      30
      38
      22
      33
      43
      27
      32
      36
      26
      28
      22
      27
      37
      29
      28
      30
      34
      31
      19
      22
      21
      26
      18
      14
      11
      20
      16
      18
      19
      19
      16
      19
      18
      18
      24
      19
      14
      24
      14
      16
      24
      25
      29
      20
      21
      33
      43
      42
      76
      90
     113
      97
     150
     115
     127
     124
     109
     119
      67
      53
      40
      33
      13
      13
      14
       9
       4
       8
       6
       3
       5
       6
      14
       3
       5
       4
       8
       7
       8
       7
       5
       2
       0
       3
       3
       3
       5
       5
       7
       2
       6
       4
       5
       7
       6
       7
       2
       4
       9
       4
       4
       4
       5
       7
       3
       9
       6
       7
       2
       7
       5
       5
       4
       2
       2
       1
       3
       7
       8
       3
       5
       3
       5
       7
       3
       1
       5
       2
       3
       4
       3
       2
       2
       3
       3
       3
       3
       3
       8
       4
       2
       1
       2
       1
       2
       1
       3
       2
       2
       4
       2
       1
       3
       2
       1
       1
       3
       3
       0
       4
       2
       4
       0
       1
       2
       1
       1
       1
       0
       3
       2
       2
       1
       1
       2
       2
       1
       3
       3
       2
       1
       6
       7
       3
       3
       4
       1
       4
       7
       2
       8
       2
       3
       5
       7
       4
       4
       3
       1
       3
       6
       2
       1
       0
       3
       1
       1
       3
       1
       1
       0
       0
       2
       0
       1
       2
       0
       0
       0
       1
       1
       2
       0
       1
       0
       0
       1
       1
       0
       0
       0
       1
       1
       1
       0
       1
       1
       0
       2
       1
       0
       0
       0
       1
       1
       0
       0
       0
       1
       1
       0
       1
       1
       0
       1
       0
       0
       2
       0
       1
       2
       0
       1
       2
       0
       0
       0
       0
       0
       1
       2
       0
       0
       1
       0
       0
       0
       1
       1
       0
       0
       0
       1
       1
       0
       0
       0
       0
       0
       0
       1
       0
       1
       0
       0
       0
       0
       2
       0
       1
       0
       1
       0
       0
       0
       1
       0
       1
       2
       1
       0
       1
       0
       0
       0
       1
       1
       1
       1
       0
       0
       0
       2
       1
       1
       0
       1
       0
       0
       0
       0
       2
       0
       0
       0
       0
       0
       0
       0
       0
       0
       0
       0
       1
       0
       0
       0
       0
       1
       0
       1
       0
       0
       0
       0
       0
       0
       0
       0
       0
       0
       1
       0
       0
       0
       0
       0
       0
       0
       1
       0
       0
       0
       0
       1
       0
       0
       0
       1
       0
       2
       0
       0
       0
       0
       0
       0
       0
       1
       0
       0
       1
       0
       0
       0
       1
       0
       0
       0
       0
       0
       0
       0
       0
       0
       0
       1
       0
       0
       0
       0
       0
       0
       0
       0
       0
       0
       0
       0
       0
       0
       0
       0
       0
       0
       0
       0
       0
       0
       0
       0
       0
       0
       0
       0
       0
       0
       0
       0
$ROI:
1
122 132
$PRESETS:
Live Time
240
0
$ENER_FIT:
0.000000 5.426229
$MCA_CAL:
3
0.000000E+000 5.426229E+000 0.000000E+000 keV
$SHAPE_CAL:
3
0.000000E+000 0.000000E+000 0.000000E+000
