       0      
       511
       0
       0
       0
       0
       0
       0
       0
       0
       0
       0
       0
       0
       0
       0
       0
       0
       0
       0
       5
      29
      42
      36
      43
      52
      46
      54
      62
      54
      72
      82
      79
      84
      77
      90
      82
      85
      73
      94
      86
      91
      63
      86
      74
      83
      63
      59
      84
      60
      72
      77
      51
      46
      64
      58
      47
      38
      54
      40
      54
      43
      45
      41
      49
      42
      47
      30
      33
      39
      36
      29
      34
      25
      39
      33
      37
      25
      28
      19
      27
      25
      26
      23
      28
      17
      24
      21
      33
      20
      26
      24
      19
      24
      23
      22
      12
       9
      15
      17
      12
      14
      17
      19
      11
      12
      18
      11
      16
      12
      12
      16
      23
      16
      15
      23
      19
      20
      16
      20
      28
      33
      47
      49
      57
      51
      57
      62
      64
      64
      71
      59
      46
      35
      28
      18
      12
       9
      11
       7
      11
       7
       4
       5
       7
       4
       7
       9
       3
       6
       4
       6
       4
       4
       6
       4
       3
      12
       4
       2
       5
       4
       3
       5
       2
       6
       8
       4
       3
       6
       2
       9
       2
       3
       5
       3
       5
       5
       6
       2
       5
       4
       4
       2
       3
      11
       4
       8
       4
       4
       6
       5
       3
       5
       2
       0
       3
       4
       2
       2
       4
       3
       1
       2
       3
       2
       2
       5
       5
       5
       3
       1
       4
       2
       7
       6
       2
       3
       4
       1
       3
       3
       2
       2
       2
       3
       2
       0
       5
       2
       4
       1
       1
       2
       3
       3
       2
       3
       1
       0
       2
       0
       2
       1
       2
       2
       0
       2
       1
       2
       2
       1
       0
       2
       3
       3
       0
       2
       4
       3
       4
       4
       5
       2
       3
       2
       3
       2
       8
       3
       3
       1
       4
       3
       3
       3
       0
       2
       0
       0
       4
       0
       0
       0
       2
       0
       1
       1
       0
       1
       2
       1
       1
       0
       0
       0
       2
       0
       0
       1
       1
       0
       0
       0
       1
       0
       0
       0
       1
       1
       1
       2
       1
       0
       3
       1
       0
       0
       1
       3
       1
       1
       1
       1
       0
       0
       1
       0
       0
       2
       0
       2
       1
       0
       0
       1
       0
       0
       0
       1
       0
       0
       0
       0
       0
       1
       1
       0
       0
       1
       0
       0
       0
       0
       0
       1
       0
       1
       2
       1
       2
       2
       0
       0
       1
       0
       0
       0
       0
       1
       0
       0
       3
       1
       0
       1
       0
       0
       0
       0
       0
       0
       1
       0
       0
       0
       0
       1
       2
       0
       0
       0
       1
       0
       0
       1
       1
       2
       2
       1
       0
       1
       0
       0
       0
       0
       0
       0
       0
       0
       0
       1
       0
       0
       0
       0
       1
       0
       0
       0
       0
       0
       0
       0
       1
       0
       0
       0
       0
       0
       0
       1
       0
       0
       0
       0
       0
       0
       0
       1
       0
       0
       0
       0
       0
       0
       0
       0
       0
       0
       0
       0
       0
       0
       0
       0
       0
       0
       3
       2
       0
       0
       0
       0
       0
       0
       0
       0
       1
       0
       0
       3
       0
       2
       1
       1
       0
       0
       0
       1
       0
       0
       0
       0
       0
       0
       0
       0
       0
       0
       0
       0
       0
       0
       0
       0
       0
       0
       0
       0
       0
       0
       0
       0
       0
       0
       0
       0
       0
       0
       0
       0
       0
       0