$SPEC_ID:
PRAK02 Easy-MCA-2k SN
$SPEC_REM:
DET# 1
DETDESC# PRAK01 Easy-MCA-2k SN 15071856
AP# Maestro Version 7.01
$DATE_MEA:
01/11/2002 19:23:09
$MEAS_TIM:
240 241
$DATA:
0 511
       0
       0
       0
       0
       0
       0
       0
       0
       0
       0
       0
       0
       0
       1
       0
       0
       0
       0
      15
      89
     114
      96
     119
     120
     112
     127
     126
     161
     137
     168
     158
     138
     156
     155
     154
     159
     160
     170
     165
     179
     201
     180
     185
     171
     163
     163
     147
     161
     143
     163
     127
     152
     120
     117
     131
     117
     130
     135
     124
     115
     112
     106
     125
     129
     120
     134
     101
     108
     110
     118
     112
     122
     103
     112
     102
      96
     108
     118
     107
     106
      98
     104
     106
     118
     113
     103
     107
      90
      87
      86
      93
      90
      73
      68
      71
      45
      46
      60
      44
      42
      34
      42
      51
      45
      41
      40
      38
      54
      47
      43
      45
      55
      57
      56
      63
      56
      91
      98
     149
     176
     233
     332
     433
     547
     603
     721
     739
     764
     713
     641
     529
     393
     294
     209
     146
     108
      65
      39
      18
      22
       5
      10
       7
       3
       7
       3
       7
       5
       5
       3
       6
       7
       7
       8
       6
       3
       8
       5
       5
       2
       7
       0
       2
       4
       5
       8
       4
       4
       5
       5
       4
       5
       7
       5
       7
       4
       4
       6
       3
       4
       5
       3
       3
       3
       4
       4
       2
       1
       2
       1
       3
       4
       0
       4
       0
       7
       0
       6
       3
       5
       2
       4
       3
       1
       1
       5
       3
       3
       5
       2
       3
       6
       1
       4
       2
       5
       1
       1
       2
       2
       1
       3
       3
       4
       4
       4
       0
       3
       2
       1
       0
       1
       1
       2
       1
       0
       1
       2
       2
       1
       1
       2
       0
       2
       2
       1
       3
       1
       3
       1
       1
       3
       2
       4
       2
       3
       3
       4
       2
       3
       4
       4
       4
       4
       5
       2
       5
       6
       1
       3
       3
       1
       1
       1
       3
       3
       2
       1
       3
       0
       2
       0
       3
       1
       0
       1
       0
       0
       0
       1
       0
       0
       1
       1
       0
       1
       0
       1
       1
       0
       1
       0
       0
       1
       0
       1
       0
       0
       1
       0
       0
       1
       0
       0
       0
       1
       2
       2
       0
       0
       1
       1
       1
       0
       0
       0
       0
       0
       0
       0
       0
       0
       0
       2
       1
       1
       0
       0
       0
       0
       0
       1
       0
       1
       1
       0
       0
       0
       0
       1
       0
       1
       1
       0
       0
       0
       1
       0
       0
       0
       2
       0
       1
       1
       0
       0
       0
       0
       1
       0
       0
       0
       0
       2
       0
       1
       0
       0
       0
       0
       0
       0
       0
       0
       0
       0
       0
       0
       0
       0
       0
       0
       1
       0
       0
       0
       0
       0
       2
       0
       0
       0
       1
       0
       0
       0
       0
       0
       0
       0
       0
       0
       0
       0
       0
       2
       0
       1
       1
       0
       0
       0
       0
       0
       0
       0
       0
       0
       0
       0
       0
       0
       1
       0
       0
       0
       0
       0
       0
       0
       0
       0
       0
       0
       0
       0
       0
       0
       0
       0
       0
       0
       0
       0
       0
       0
       0
       0
       0
       0
       1
       1
       0
       0
       0
       0
       0
       1
       0
       0
       1
       0
       0
       0
       1
       0
       0
       0
       0
       0
       0
       0
       0
       1
       0
       0
       0
       0
       0
       0
       0
       0
       0
       0
       0
       0
       0
       0
       0
       0
       0
       0
       0
       0
       0
       0
       0
       0
       0
       0
       0
       0
$ROI:
1
122 132
$PRESETS:
Live Time
240
0
$ENER_FIT:
0.000000 5.426229
$MCA_CAL:
3
0.000000E+000 5.426229E+000 0.000000E+000 keV
$SHAPE_CAL:
3
0.000000E+000 0.000000E+000 0.000000E+000
