       0 
       511
       0
       0
       0
       0
       0
       0
       0
       0
       0
       0
       0
       0
       0
       0
       2
       2
       1
       3
      16
     103
     132
     127
     143
     150
     164
     150
     163
     168
     162
     144
     178
     199
     197
     184
     183
     182
     198
     201
     188
     205
     206
     177
     205
     189
     189
     186
     166
     177
     177
     175
     165
     154
     150
     177
     141
     134
     164
     131
     159
     122
     154
     140
     135
     151
     140
     144
     134
     136
     138
     127
     148
     120
     126
     120
     131
     130
     134
     109
     130
     119
     132
     140
     128
     125
     135
     129
     117
     154
     114
     106
     114
      86
      95
      88
      78
      73
      77
      52
      60
      53
      54
      52
      41
      48
      46
      59
      51
      50
      49
      63
      57
      51
      64
      61
      79
      85
      94
     113
     184
     234
     320
     422
     462
     645
     740
     845
     903
     864
     808
     726
     602
     514
     369
     278
     187
     113
      78
      32
      31
       9
      10
       4
      10
       4
       5
       4
       5
       5
       5
       6
       4
       5
       3
       5
       7
       4
       1
       2
       2
       2
       3
       3
       3
       1
       8
       5
       2
       6
       3
       6
       5
       4
       9
       6
       6
       5
       1
       1
       4
       5
       8
       5
       2
       3
       2
       1
       2
       0
       5
       7
       1
       3
       3
       2
       2
       1
       4
       5
       3
       4
       4
       2
       1
       4
       3
       1
       6
       1
       3
       2
       2
       2
       1
       6
       3
       6
       1
       3
       2
       3
       2
       1
       2
       4
       0
       2
       2
       5
       4
       1
       3
       2
       6
       3
       4
       1
       2
       2
       0
       2
       0
       1
       1
       2
       0
       0
       1
       2
       2
       2
       2
       1
       1
       4
       1
       2
       5
       6
       4
       5
       4
       2
       4
       4
       3
       3
       1
       3
       6
       2
       3
       3
       1
       4
       3
       4
       3
       1
       3
       0
       0
       0
       1
       1
       0
       0
       0
       1
       1
       0
       0
       0
       1
       0
       0
       0
       1
       2
       0
       0
       1
       1
       0
       2
       2
       1
       1
       1
       1
       1
       1
       0
       2
       1
       3
       2
       1
       0
       0
       0
       1
       1
       0
       1
       1
       0
       0
       0
       1
       0
       0
       0
       0
       0
       0
       0
       0
       0
       0
       2
       0
       0
       1
       0
       0
       0
       1
       0
       0
       0
       0
       0
       0
       0
       0
       0
       1
       0
       0
       1
       0
       0
       0
       1
       0
       0
       1
       1
       0
       0
       0
       0
       1
       0
       0
       0
       1
       0
       1
       0
       0
       0
       0
       0
       0
       0
       1
       1
       0
       1
       0
       0
       0
       0
       0
       3
       1
       0
       1
       1
       1
       1
       0
       0
       0
       0
       0
       0
       0
       0
       0
       0
       0
       0
       1
       0
       1
       0
       1
       1
       0
       0
       0
       1
       0
       0
       2
       1
       0
       0
       0
       0
       0
       0
       0
       0
       0
       0
       0
       0
       0
       1
       0
       1
       0
       0
       0
       0
       0
       0
       0
       0
       0
       0
       1
       0
       0
       0
       0
       0
       0
       0
       1
       1
       0
       1
       1
       2
       1
       1
       0
       1
       0
       1
       0
       0
       0
       0
       0
       0
       2
       0
       0
       1
       1
       0
       0
       0
       0
       0
       0
       0
       0
       0
       0
       0
       0
       0
       0
       0
       0
       0
       0
       0
       0
       0
       0
       0
       0
       0
       0
       0