       0 
       511
       0
       0
       0
       0
       0
       0
       0
       0
       0
       0
       0
       0
       0
       0
       0
       0
       0
       0
      28
     144
     144
     158
     132
     180
     156
     163
     185
     189
     192
     187
     202
     229
     244
     224
     212
     216
     228
     236
     223
     248
     221
     211
     224
     228
     234
     208
     210
     206
     203
     201
     190
     213
     210
     163
     191
     185
     171
     164
     153
     161
     148
     151
     146
     189
     168
     174
     162
     147
     154
     146
     167
     167
     151
     143
     155
     173
     163
     152
     174
     167
     158
     162
     150
     184
     176
     150
     165
     182
     171
     160
     129
     131
     106
     105
      98
      85
      78
      85
      67
      64
      70
      52
      61
      54
      58
      54
      70
      76
      77
      55
      66
      65
      70
      76
      79
      83
     100
     177
     226
     277
     401
     532
     722
     804
     936
    1079
    1121
    1127
    1044
     942
     871
     682
     533
     351
     248
     154
      94
      63
      37
      19
      14
       6
       8
       5
       5
       9
       5
       8
       4
      12
      11
       7
       4
       5
       3
       5
       4
       0
       8
       7
       7
       7
       4
       4
       2
       5
       3
       8
       1
       1
       5
       5
       5
       0
       3
       3
       3
       4
       5
       9
       4
       3
      10
       5
       2
       6
       3
       5
       2
       7
       6
       4
       4
       2
       1
       1
       3
       2
       4
       2
       6
       4
       0
       5
       2
       2
       6
       5
       1
       2
       4
       3
       6
       4
       2
       1
       3
       3
       2
       4
       3
       2
       2
       3
       2
       3
       4
       1
       3
       1
       1
       0
       0
       1
       5
       2
       1
       2
       5
       3
       1
       3
       1
       2
       3
       0
       0
       0
       3
       0
       1
       3
       1
       1
       2
       1
       1
       3
       0
       1
       3
       6
       1
       6
       5
       3
       3
       4
       4
       0
       5
       0
       0
       1
       4
       0
       2
       2
       1
       0
       3
       0
       0
       2
       0
       0
       1
       4
       0
       0
       0
       2
       0
       0
       1
       1
       1
       2
       1
       1
       0
       2
       2
       0
       0
       0
       0
       0
       1
       2
       0
       1
       0
       1
       1
       2
       0
       1
       1
       0
       1
       0
       0
       0
       0
       0
       1
       1
       0
       1
       1
       0
       0
       1
       0
       1
       0
       0
       0
       0
       0
       0
       0
       1
       0
       0
       0
       0
       1
       0
       0
       1
       0
       0
       0
       2
       1
       0
       0
       1
       0
       1
       0
       0
       0
       0
       0
       0
       1
       2
       0
       0
       0
       0
       1
       0
       0
       1
       1
       0
       1
       1
       0
       0
       0
       0
       0
       1
       1
       0
       0
       1
       1
       0
       0
       0
       0
       0
       0
       0
       0
       0
       1
       0
       0
       1
       0
       0
       0
       1
       0
       0
       1
       0
       0
       0
       1
       0
       0
       0
       0
       1
       0
       0
       0
       0
       0
       0
       0
       1
       1
       0
       1
       0
       0
       1
       0
       0
       1
       0
       0
       0
       0
       0
       1
       0
       0
       0
       0
       0
       0
       0
       0
       0
       1
       0
       0
       0
       1
       0
       1
       1
       0
       0
       0
       0
       0
       0
       0
       0
       2
       2
       1
       0
       1
       0
       0
       0
       0
       0
       0
       0
       1
       1
       0
       0
       0
       0
       0
       0
       0
       0
       0
       0
       0
       0
       0
       0
       0
       0
       0
       0
       0
       0
       0
       0
       0
       0
       0
       0
       0
       0
