       0      
       511
       0
       0
       0
       0
       0
       0
       0
       0
       0
       0
       0
       0
       0
       0
       0
       2
      13
      11
      76
     383
     434
     480
     475
     452
     494
     471
     477
     514
     517
     535
     554
     535
     564
     558
     547
     603
     537
     602
     642
     603
     665
     664
     633
     638
     627
     640
     604
     627
     606
     609
     573
     558
     566
     539
     586
     556
     550
     515
     505
     530
     512
     542
     523
     496
     492
     535
     508
     528
     502
     491
     453
     518
     473
     482
     490
     505
     505
     529
     527
     496
     527
     563
     521
     472
     504
     507
     485
     521
     455
     511
     421
     349
     358
     314
     299
     277
     243
     255
     226
     198
     218
     205
     205
     177
     200
     192
     176
     183
     199
     184
     194
     198
     221
     215
     222
     271
     347
     439
     582
     840
    1166
    1487
    1935
    2367
    2897
    3291
    3492
    3524
    3406
    3099
    2666
    2206
    1674
    1281
     852
     551
     354
     196
     138
      57
      31
       9
       8
       8
       8
       3
       4
       4
       8
       4
       3
       4
      12
       5
       4
       1
       6
       6
       6
       4
       8
       4
       2
       6
       3
       7
       9
       3
       8
       4
       5
       6
       2
       4
       6
       4
       4
       3
       4
       6
       4
       6
       6
       2
       4
       3
       2
       0
       6
       6
       6
       9
       2
       5
       3
       0
       4
       7
       3
       4
       6
       2
       4
       3
       1
       0
       6
       5
       2
       2
       4
       2
       1
       3
       4
       2
       6
       3
       2
       2
       6
       3
       1
       3
       3
       4
       1
       0
       0
       1
       2
       3
       4
       2
       4
       3
       3
       3
       1
       1
       1
       2
       0
       1
       3
       1
       1
       0
       2
       3
       2
       1
       2
       1
       2
       4
       6
       2
       4
       2
       2
       6
       7
       3
       3
       2
       4
       2
       2
       2
       3
       6
       4
       3
       2
       1
       0
       0
       2
       0
       0
       1
       1
       2
       3
       2
       0
       1
       1
       0
       3
       1
       0
       0
       2
       0
       1
       1
       0
       0
       1
       1
       0
       1
       0
       0
       0
       0
       0
       1
       0
       2
       1
       0
       0
       1
       1
       1
       0
       0
       0
       1
       2
       0
       1
       1
       1
       0
       1
       0
       0
       0
       0
       2
       2
       0
       0
       0
       0
       0
       0
       0
       1
       1
       0
       0
       0
       0
       0
       3
       0
       1
       0
       1
       0
       0
       1
       0
       0
       1
       0
       1
       0
       0
       0
       0
       0
       0
       0
       0
       0
       0
       0
       1
       0
       1
       0
       2
       0
       1
       0
       1
       0
       1
       1
       1
       0
       0
       2
       1
       0
       0
       0
       1
       0
       0
       0
       1
       1
       1
       0
       0
       0
       0
       0
       0
       3
       0
       0
       1
       0
       0
       0
       0
       0
       0
       0
       1
       0
       0
       0
       0
       0
       0
       0
       0
       1
       0
       0
       0
       0
       1
       0
       0
       0
       0
       1
       1
       0
       0
       0
       0
       0
       0
       0
       0
       0
       0
       0
       0
       1
       0
       0
       0
       0
       2
       0
       0
       0
       0
       0
       0
       0
       0
       0
       2
       0
       1
       0
       1
       0
       0
       0
       1
       0
       0
       0
       1
       0
       0
       0
       2
       0
       0
       0
       0
       0
       0
       0
       0
       0
       0
       0
       0
       0
       0
       0
       0
       0
       0
       0
       0
       0
       0
       0
       0
       0
       0
       0
       0
       0
       0