$SPEC_ID:
PRAK02 Easy-MCA-2k SN
$SPEC_REM:
DET# 1
DETDESC# PRAK01 Easy-MCA-2k SN 15071856
AP# Maestro Version 7.01
$DATE_MEA:
01/11/2002 18:49:14
$MEAS_TIM:
240 241
$DATA:
0 511
       0
       0
       0
       0
       0
       0
       0
       0
       0
       0
       0
       0
       0
       0
       1
       2
       0
       1
       4
      50
      58
      50
      62
      69
      79
      90
      81
      86
      79
      88
      92
      97
     127
      96
      93
      90
     114
     111
      96
     104
      84
     102
      97
      88
      99
      85
      92
      80
      86
      78
      91
      78
      85
      75
      78
      61
      62
      74
      56
      72
      90
      70
      69
      64
      42
      46
      66
      51
      64
      51
      48
      40
      48
      48
      51
      55
      39
      51
      43
      42
      39
      47
      59
      48
      33
      47
      33
      31
      43
      33
      32
      29
      17
      27
      26
      28
      33
      26
      21
      33
      27
      17
      21
      29
      32
      28
      21
      20
      28
      32
      29
      31
      23
      30
      31
      35
      34
      35
      52
      55
      72
      91
     116
     138
     173
     180
     167
     211
     148
     165
     128
     115
      71
      47
      35
      26
      21
      12
       8
       5
       6
       8
       3
      10
       5
       8
       8
       8
       4
       4
       7
       2
       3
       4
       3
       4
       7
       2
       6
       7
       2
       4
       3
       4
       3
       6
       4
       3
       3
       6
       6
       0
       6
       5
       5
       4
       5
       2
       5
       5
       3
       5
       3
       3
       4
       2
       1
       4
       7
       2
       7
       1
       4
       2
       1
       6
       1
       3
       4
       1
       3
       2
       7
       1
       3
       2
       5
       6
       5
       1
       0
       5
       3
       1
       1
       3
       3
       1
       0
       5
       5
       1
       2
       3
       1
       0
       1
       1
       2
       1
       1
       4
       2
       3
       1
       3
       2
       0
       2
       3
       3
       2
       2
       4
       0
       2
       0
       1
       1
       3
       1
       5
       2
       2
       1
       2
       3
       2
       0
       4
       1
       3
       6
       1
       4
       7
       5
       5
       3
       3
       3
       2
       1
       1
       2
       1
       2
       4
       1
       3
       1
       1
       1
       0
       1
       1
       1
       2
       0
       0
       1
       2
       0
       0
       1
       0
       0
       1
       0
       1
       0
       0
       0
       1
       1
       1
       1
       0
       1
       1
       0
       1
       1
       2
       0
       3
       1
       0
       3
       1
       1
       1
       0
       0
       0
       0
       0
       0
       1
       2
       0
       0
       0
       1
       0
       2
       0
       0
       0
       1
       0
       0
       0
       0
       0
       0
       0
       0
       0
       1
       0
       1
       0
       0
       1
       1
       1
       1
       0
       0
       0
       1
       1
       0
       1
       0
       0
       0
       0
       0
       0
       1
       0
       1
       0
       0
       0
       0
       0
       0
       0
       1
       1
       0
       2
       1
       0
       0
       0
       0
       2
       0
       1
       0
       0
       1
       0
       0
       0
       0
       1
       1
       0
       1
       0
       2
       0
       1
       0
       0
       0
       0
       0
       0
       0
       0
       0
       1
       0
       0
       0
       0
       0
       0
       0
       2
       0
       0
       0
       0
       1
       0
       0
       0
       0
       0
       0
       0
       2
       1
       0
       0
       0
       0
       0
       0
       0
       0
       0
       0
       0
       0
       0
       0
       0
       1
       0
       0
       0
       0
       0
       0
       1
       0
       2
       0
       0
       0
       1
       0
       0
       1
       0
       1
       0
       2
       0
       0
       0
       0
       0
       0
       1
       0
       0
       0
       0
       0
       0
       0
       0
       0
       0
       0
       0
       0
       0
       0
       0
       0
       0
       0
       0
       0
       0
       0
       0
       0
       0
       0
       0
       0
$ROI:
1
122 132
$PRESETS:
Live Time
240
0
$ENER_FIT:
0.000000 5.426229
$MCA_CAL:
3
0.000000E+000 5.426229E+000 0.000000E+000 keV
$SHAPE_CAL:
3
0.000000E+000 0.000000E+000 0.000000E+000
