       0      
       511
       0
       0
       0
       0
       0
       1
       2
       1
       2
       1
       0
       1
       4
       3
       1
       4
       5
       7
      66
     381
     449
     453
     438
     454
     501
     481
     457
     489
     524
     555
     536
     555
     530
     538
     569
     531
     607
     606
     600
     625
     674
     700
     638
     663
     635
     621
     594
     624
     596
     617
     624
     558
     530
     602
     570
     581
     514
     515
     514
     499
     510
     480
     491
     501
     553
     497
     489
     520
     540
     480
     478
     453
     502
     522
     502
     515
     516
     462
     458
     520
     539
     533
     500
     538
     533
     527
     505
     516
     481
     450
     443
     433
     363
     340
     335
     291
     260
     231
     226
     224
     209
     208
     200
     196
     172
     180
     182
     200
     188
     185
     205
     208
     210
     244
     248
     289
     353
     437
     614
     858
    1182
    1518
    1939
    2430
    2847
    3255
    3455
    3585
    3291
    3021
    2657
    2131
    1692
    1186
     837
     533
     302
     191
     128
      58
      26
      30
       9
       5
       9
       6
       3
       8
       8
       4
       6
       4
      10
       7
       3
       6
       1
       5
       5
      10
       6
       2
       7
       3
       4
       8
       5
       4
       3
       7
       2
       4
       1
       5
       3
       4
       3
       2
       8
       7
       5
       3
       2
       4
       0
       4
       4
       4
       3
       4
       7
       6
       4
       7
       5
       5
       7
       4
       4
       5
       2
       5
       3
       4
       2
       0
       1
       3
       4
       4
       4
       2
       7
       4
       4
       4
       3
       2
       3
       2
       1
       1
       2
       4
       3
       2
       2
       3
       2
       2
       3
       0
       2
       0
       2
       3
       3
       1
       3
       3
       1
       0
       0
       1
       1
       1
       3
       0
       1
       2
       1
       2
       2
       1
       0
       2
       4
       0
       5
       5
       3
       1
       7
       4
       4
       3
       4
       5
       2
       4
       5
       0
       2
       2
       4
       1
       2
       0
       1
       1
       2
       0
       1
       1
       1
       0
       0
       0
       3
       0
       2
       1
       2
       1
       1
       0
       1
       2
       1
       1
       0
       0
       0
       0
       0
       0
       0
       2
       0
       1
       1
       0
       0
       1
       0
       0
       0
       0
       1
       1
       0
       0
       0
       1
       2
       0
       0
       0
       0
       1
       0
       0
       1
       0
       2
       0
       0
       1
       1
       2
       2
       1
       0
       1
       0
       0
       0
       0
       0
       1
       1
       1
       0
       0
       0
       0
       0
       0
       1
       1
       0
       0
       0
       0
       0
       0
       0
       0
       1
       0
       1
       1
       0
       1
       2
       0
       0
       2
       1
       0
       0
       0
       0
       2
       1
       1
       0
       0
       0
       0
       0
       0
       1
       1
       1
       0
       1
       1
       2
       0
       0
       0
       1
       0
       0
       0
       0
       0
       0
       1
       0
       0
       0
       0
       0
       1
       0
       0
       1
       0
       0
       0
       0
       0
       0
       0
       0
       0
       0
       0
       1
       0
       0
       0
       0
       0
       0
       1
       0
       1
       0
       0
       1
       0
       0
       0
       0
       1
       0
       2
       1
       0
       1
       0
       0
       1
       1
       0
       1
       0
       0
       0
       0
       0
       0
       0
       0
       1
       0
       0
       0
       0
       1
       2
       0
       0
       0
       0
       0
       0
       0
       0
       0
       0
       0
       0
       0
       0
       0
       0
       0
       0
       0
       0
       0
       0
       0
       0
       0
       0
       0
       0
       0
       0
       0
       0
       0
       0
       0
       0
       0
       0
