       0      
       511
       0
       0
       0
       0
       0
       0
       0
       0
       0
       0
       0
       0
       0
       0
       0
       0
       0
       0
      26
     143
     163
     166
     155
     179
     174
     209
     202
     195
     194
     224
     257
     228
     231
     238
     217
     227
     243
     224
     222
     258
     230
     238
     227
     247
     233
     237
     224
     211
     207
     197
     208
     184
     220
     185
     178
     169
     200
     218
     184
     195
     189
     152
     162
     150
     189
     177
     176
     175
     173
     160
     150
     173
     174
     166
     176
     168
     176
     181
     171
     165
     164
     153
     180
     195
     178
     165
     179
     168
     158
     131
     135
     125
     123
     112
     127
     108
      77
      91
      80
      64
      62
      60
      67
      61
      81
      62
      58
      58
      78
      69
      81
      86
      77
      88
      93
     101
     135
     181
     246
     323
     411
     579
     726
     857
    1085
    1103
    1181
    1192
    1153
     974
     833
     654
     477
     382
     233
     123
      95
      52
      29
      12
      12
       6
       7
       2
       3
       6
       5
       6
       5
       5
       6
       4
       2
       1
       6
       8
       9
       5
       4
       3
       4
       6
       4
       3
       3
       5
       9
       6
       8
       7
       5
       6
       6
       7
       3
       9
       4
       5
       3
       3
       6
       3
       6
       1
       4
       2
       3
       3
       5
       3
       5
       3
       5
       4
       3
       5
       3
       1
       2
       4
       2
       1
       3
       0
       1
       2
       8
       3
       2
       4
       2
       5
       3
       3
       3
       2
       3
       2
       2
       4
       1
       2
       2
       1
       0
       3
       2
       4
       3
       1
       1
       1
       1
       0
       0
       2
       2
       0
       3
       1
       1
       2
       1
       0
       4
       2
       1
       2
       2
       0
       4
       3
       5
       1
       1
       2
       2
       3
       1
       7
       3
       3
       0
       3
       4
       5
       1
       2
       3
       4
       2
       5
       5
       1
       3
       0
       1
       0
       1
       1
       0
       1
       0
       1
       0
       1
       1
       1
       0
       0
       1
       1
       0
       0
       0
       0
       0
       0
       1
       0
       0
       0
       0
       0
       1
       0
       0
       1
       1
       0
       0
       0
       0
       0
       0
       0
       0
       2
       0
       0
       2
       2
       0
       1
       0
       2
       1
       2
       2
       1
       1
       1
       2
       0
       0
       0
       0
       0
       1
       0
       0
       0
       0
       0
       0
       0
       1
       0
       0
       0
       0
       0
       1
       0
       1
       0
       0
       0
       0
       1
       0
       0
       0
       0
       0
       0
       1
       0
       1
       0
       1
       1
       1
       0
       1
       0
       0
       0
       0
       0
       0
       0
       1
       1
       1
       0
       1
       0
       0
       0
       0
       0
       1
       0
       0
       1
       0
       0
       0
       1
       0
       0
       0
       0
       1
       1
       0
       0
       0
       0
       0
       0
       0
       0
       1
       0
       1
       0
       0
       0
       0
       0
       0
       1
       0
       0
       0
       0
       0
       0
       0
       0
       0
       0
       0
       0
       0
       1
       0
       0
       0
       0
       1
       0
       0
       1
       0
       0
       1
       0
       0
       0
       0
       0
       0
       0
       0
       0
       0
       0
       1
       1
       0
       0
       0
       0
       0
       0
       1
       2
       0
       0
       0
       0
       1
       0
       0
       1
       0
       1
       0
       0
       0
       0
       0
       0
       0
       0
       0
       0
       0
       0
       0
       0
       0
       0
       0
       0
       0
       0
       0
       0
       0
       0
       0
       0
       0
       0
       0
       0
       0
       0