$SPEC_ID:
PRAK02 Easy-MCA-2k SN
$SPEC_REM:
DET# 1
DETDESC# PRAK01 Easy-MCA-2k SN 15071856
AP# Maestro Version 7.01
$DATE_MEA:
01/11/2002 18:27:07
$MEAS_TIM:
240 241
$DATA:
0 511
       0
       0
       0
       0
       0
       0
       0
       0
       0
       0
       0
       0
       0
       0
       0
       0
       0
       0
      17
     132
     189
     165
     181
     168
     152
     182
     169
     208
     215
     193
     210
     263
     222
     221
     270
     234
     250
     227
     196
     231
     232
     239
     208
     225
     229
     224
     223
     206
     201
     189
     214
     216
     211
     200
     166
     198
     195
     173
     211
     184
     190
     197
     203
     173
     177
     153
     165
     149
     155
     143
     161
     189
     162
     170
     160
     156
     172
     176
     143
     195
     169
     159
     156
     172
     173
     149
     173
     158
     154
     160
     141
     123
     116
     119
      84
      97
      77
      92
      67
      75
      65
      68
      70
      53
      60
      72
      56
      74
      75
      69
      64
      71
      90
      86
      78
     122
     143
     189
     252
     295
     466
     570
     676
     895
    1077
    1137
    1236
    1161
    1123
     984
     782
     640
     505
     333
     223
     142
      89
      52
      37
      13
      17
       8
       7
       9
       2
       6
      11
       4
       4
       6
       5
       7
       6
       4
       5
       3
       5
       4
       4
       3
       5
       2
       2
       6
       6
       5
       3
       4
       5
       2
       4
       5
       6
       3
       4
       3
       4
       5
       5
       6
       5
       2
       4
       2
       9
       2
       5
       3
       4
       4
       3
       4
       1
       3
       0
       3
       4
       5
       1
       5
       2
       5
       3
       0
       2
       5
       4
       2
       5
       2
       5
       4
       2
       2
       7
       1
       4
       6
       4
       1
       2
       0
       0
       2
       0
       2
       1
       1
       0
       2
       0
       3
       4
       2
       4
       2
       1
       2
       1
       1
       1
       0
       3
       2
       0
       0
       1
       2
       3
       1
       2
       1
       2
       2
       1
       1
       2
       2
       2
       3
       5
       7
       1
       3
       2
       1
       2
       2
       3
       2
       4
       3
       3
       3
       3
       0
       1
       2
       2
       0
       2
       0
       0
       0
       1
       0
       2
       0
       0
       0
       2
       1
       0
       1
       0
       1
       1
       1
       1
       0
       0
       1
       2
       0
       1
       2
       0
       1
       1
       1
       2
       1
       0
       1
       1
       0
       0
       0
       0
       0
       1
       0
       0
       1
       0
       0
       1
       2
       1
       2
       0
       1
       0
       0
       0
       1
       0
       0
       0
       1
       0
       1
       1
       0
       1
       0
       1
       1
       0
       1
       0
       0
       1
       0
       0
       1
       1
       1
       1
       1
       0
       0
       2
       0
       0
       0
       0
       0
       0
       0
       0
       0
       1
       0
       1
       0
       1
       0
       1
       0
       0
       1
       0
       0
       0
       0
       1
       1
       1
       0
       0
       0
       0
       0
       0
       2
       0
       0
       0
       0
       0
       0
       0
       0
       1
       0
       0
       0
       0
       0
       1
       0
       1
       1
       0
       0
       0
       0
       0
       0
       1
       1
       0
       0
       1
       0
       0
       0
       0
       0
       0
       0
       0
       0
       0
       0
       0
       0
       0
       0
       0
       0
       0
       0
       0
       0
       0
       0
       0
       0
       0
       0
       0
       0
       0
       0
       0
       0
       2
       0
       0
       0
       0
       0
       0
       0
       1
       0
       1
       1
       0
       2
       0
       1
       1
       0
       0
       0
       1
       0
       0
       0
       0
       0
       0
       0
       0
       0
       0
       0
       0
       0
       0
       0
       0
       0
       0
       0
       0
       0
       0
       0
       0
       0
       0
       0
       0
       0
       0
       0
       0
       0
$ROI:
1
122 132
$PRESETS:
Live Time
240
0
$ENER_FIT:
0.000000 5.426229
$MCA_CAL:
3
0.000000E+000 5.426229E+000 0.000000E+000 keV
$SHAPE_CAL:
3
0.000000E+000 0.000000E+000 0.000000E+000
