       0 
       511
       0
       0
       0
       0
       0
       0
       0
       0
       0
       0
       0
       0
       4
      24
      55
      44
      26
      18
      35
     159
     157
     188
     177
     167
     203
     164
     193
     210
     202
     206
     208
     234
     217
     208
     218
     256
     214
     221
     249
     222
     225
     231
     248
     224
     242
     198
     238
     202
     231
     228
     216
     205
     212
     184
     214
     200
     188
     186
     170
     204
     188
     170
     190
     174
     186
     148
     172
     152
     172
     170
     198
     159
     192
     145
     164
     168
     163
     190
     170
     157
     184
     167
     202
     184
     165
     180
     173
     151
     156
     140
     129
     121
     133
      87
      89
      86
      93
      97
      76
      73
      76
      64
      82
      65
      72
      69
      82
      72
      65
      82
      87
      89
      74
      78
      92
     121
     138
     182
     230
     367
     460
     584
     725
     896
    1014
    1156
    1217
    1207
    1149
     971
     830
     687
     509
     389
     249
     137
      96
      52
      35
      24
      11
       8
       5
       3
       4
       5
      11
       3
       6
       4
       4
       5
       1
       3
       6
       9
       7
       7
       6
       2
       4
       5
       3
       5
       6
       6
       4
       7
       5
       2
       4
       5
       5
       5
       5
       4
       6
       6
       2
       3
       4
       4
       4
       2
       4
       5
       1
       3
       2
       3
       5
       4
       2
       2
       5
       6
       2
       2
       1
       1
       5
       7
       7
       5
       3
       2
       0
       1
       3
       5
       7
       1
       6
       2
       3
       1
       2
       0
       0
       3
       3
       2
       1
       1
       8
       1
       1
       2
       2
       3
       3
       2
       2
       2
       0
       4
       1
       3
       6
       1
       0
       2
       2
       4
       1
       1
       3
       4
       1
       1
       1
       2
       4
       1
       2
       4
       3
       2
       0
       1
       4
       1
       1
       6
       5
       4
       4
       0
       3
       3
       6
       3
       3
       7
       1
       2
       1
       2
       1
       3
       1
       0
       0
       4
       0
       1
       1
       1
       1
       1
       4
       0
       0
       2
       1
       1
       0
       1
       2
       1
       0
       0
       3
       1
       0
       1
       0
       0
       0
       1
       1
       0
       0
       1
       1
       0
       1
       1
       0
       2
       1
       0
       0
       2
       0
       2
       3
       1
       1
       1
       1
       0
       1
       0
       0
       0
       0
       1
       0
       0
       1
       0
       0
       0
       2
       1
       1
       0
       0
       0
       0
       0
       1
       0
       1
       1
       0
       0
       1
       0
       0
       0
       0
       0
       0
       0
       2
       1
       1
       1
       1
       0
       0
       1
       0
       0
       0
       0
       1
       0
       0
       0
       0
       1
       1
       0
       0
       0
       1
       1
       0
       0
       0
       1
       1
       0
       1
       1
       0
       1
       1
       0
       0
       0
       0
       0
       0
       0
       1
       0
       0
       0
       0
       0
       0
       0
       1
       0
       0
       0
       0
       0
       1
       1
       0
       0
       0
       0
       0
       1
       0
       0
       0
       0
       0
       0
       0
       0
       0
       0
       0
       0
       0
       2
       0
       1
       0
       0
       0
       0
       0
       0
       0
       1
       0
       1
       0
       0
       0
       0
       0
       0
       0
       0
       0
       0
       0
       1
       0
       0
       2
       1
       0
       0
       1
       1
       0
       1
       0
       0
       0
       0
       0
       0
       0
       0
       0
       0
       0
       0
       0
       0
       0
       0
       0
       0
       0
       0
       0
       0
       0
       0
       0
       0
       0
       0
       0
       0
       0
       0
       0
       0
