       0 
       511
       0
       0
       0
       0
       0
       0
       0
       0
       0
       0
       0
       0
       0
       0
       0
       0
       0
       0
      18
      97
     129
     125
     124
     135
     144
     121
     167
     174
     157
     164
     163
     135
     200
     164
     176
     171
     194
     183
     203
     179
     201
     184
     196
     200
     182
     199
     182
     141
     165
     194
     156
     149
     166
     156
     172
     140
     130
     138
     132
     146
     150
     156
     124
     125
     136
     117
     109
     130
     105
     131
     129
      97
     113
     117
     125
     126
     122
     119
     118
     122
     116
     126
     120
     135
     125
     127
     116
     116
      92
     103
     103
      83
      80
      69
      71
      86
      56
      63
      56
      53
      46
      48
      41
      61
      62
      42
      57
      44
      50
      56
      51
      58
      61
      61
      68
      72
      96
     141
     163
     224
     304
     391
     486
     566
     757
     787
     825
     774
     778
     705
     579
     411
     325
     247
     174
      96
      69
      53
      20
      18
       7
       8
       4
       6
       5
       6
       4
       4
       6
       8
       5
       6
       5
       5
       7
       3
       2
       7
       4
       4
       6
       3
       4
       3
       4
       5
       4
       4
       2
       3
       2
       5
      10
       3
       3
       3
       5
       4
       5
       2
       3
       5
       6
       3
       5
       1
       1
       2
       1
       4
       3
       5
       2
       5
       2
       2
       3
       1
       2
       3
       7
       3
       8
       1
       2
       3
       2
       3
       4
       2
       3
       8
       4
       4
       7
       3
       3
       3
       4
       0
       2
       1
       4
       1
       3
       1
       2
       1
       2
       3
       1
       1
       1
       1
       0
       1
       2
       3
       0
       0
       3
       1
       1
       0
       0
       0
       2
       1
       5
       2
       0
       2
       0
       2
       4
       0
       1
       4
       1
       4
       1
       5
       8
       1
       4
       2
       3
       4
       8
       5
       4
       2
       2
       0
       1
       1
       0
       1
       0
       0
       1
       2
       1
       1
       0
       2
       0
       1
       3
       1
       0
       1
       0
       0
       3
       4
       0
       2
       0
       1
       0
       1
       0
       0
       1
       1
       0
       0
       0
       0
       0
       0
       1
       0
       0
       0
       1
       0
       2
       2
       0
       1
       1
       0
       1
       2
       0
       0
       0
       1
       0
       2
       0
       1
       0
       0
       0
       0
       0
       1
       0
       1
       0
       1
       0
       0
       1
       0
       1
       1
       0
       1
       2
       0
       2
       0
       0
       0
       0
       0
       0
       0
       1
       0
       0
       1
       1
       1
       0
       0
       2
       1
       0
       0
       0
       0
       0
       0
       1
       1
       0
       1
       1
       1
       2
       1
       2
       0
       1
       1
       0
       0
       0
       0
       0
       1
       0
       1
       0
       0
       1
       1
       0
       0
       0
       1
       1
       0
       1
       1
       0
       0
       1
       0
       0
       0
       1
       0
       0
       1
       1
       0
       2
       0
       1
       0
       0
       0
       0
       0
       0
       0
       0
       0
       1
       0
       0
       1
       0
       0
       0
       0
       0
       0
       0
       0
       0
       0
       0
       0
       1
       0
       1
       0
       1
       0
       1
       0
       0
       1
       0
       0
       1
       1
       1
       1
       1
       0
       1
       0
       0
       1
       0
       1
       1
       2
       0
       1
       0
       0
       0
       1
       0
       0
       0
       0
       0
       0
       0
       0
       0
       0
       0
       0
       0
       0
       0
       0
       0
       0
       0
       0
       0
       0
       0
       0
       0
       0
       0
       0
       0
       0
