       0 
       511
       0
       0
       0
       0
       0
       0
       0
       0
       0
       0
       0
       0
       0
       0
       0
       0
       0
       0
      17
      85
      92
     120
     126
     122
     137
     133
     137
     137
     163
     149
     168
     157
     135
     155
     159
     152
     175
     178
     178
     167
     170
     162
     167
     175
     162
     175
     131
     160
     134
     164
     129
     147
     134
     109
     120
     154
     106
     123
     104
     138
     125
     125
     112
     122
     114
     113
     102
     131
     131
     112
     105
     122
     109
     115
      93
     106
     111
     117
     113
     126
     133
     113
     103
      97
     100
      93
     105
     110
      68
      93
      97
      79
      67
      60
      62
      54
      49
      54
      31
      44
      39
      38
      46
      45
      42
      44
      56
      25
      44
      50
      47
      55
      49
      51
      65
      68
      87
     115
     134
     170
     240
     319
     413
     493
     595
     674
     736
     693
     703
     617
     514
     422
     336
     213
     144
      94
      52
      41
      27
      11
      11
       5
       5
       7
       5
       5
       6
       1
      12
       4
       6
       4
       7
      10
       4
       1
       7
       7
       6
       3
       2
       5
       5
       2
       7
       5
       4
       3
       5
       4
       9
       5
       5
       7
       4
       4
       4
       4
       4
       3
       3
       0
       5
       3
       2
       3
       5
       5
       2
       3
       3
       3
       1
       4
       5
       4
       3
       2
       3
       0
       1
       1
       4
       2
       5
       1
       2
       3
       3
       8
       2
       0
       1
       1
       1
       4
       7
       2
       2
       0
       2
       4
       4
       1
       0
       6
       3
       3
       4
       2
       2
       2
       2
       1
       5
       1
       2
       0
       0
       0
       1
       0
       1
       2
       1
       2
       4
       0
       1
       2
       0
       1
       2
       4
       0
       5
       1
       1
       1
       1
       6
       5
       5
       2
       5
       3
       2
       6
       1
       4
       4
       0
       0
       0
       1
       2
       2
       1
       0
       1
       3
       1
       3
       0
       1
       0
       1
       1
       0
       0
       0
       1
       1
       0
       1
       1
       0
       0
       0
       2
       1
       1
       2
       2
       1
       0
       1
       0
       0
       0
       0
       1
       0
       1
       0
       0
       1
       1
       2
       1
       0
       4
       0
       2
       0
       0
       1
       0
       0
       1
       0
       0
       0
       0
       1
       0
       0
       1
       0
       1
       0
       1
       1
       0
       0
       0
       0
       0
       0
       0
       0
       0
       0
       0
       0
       0
       0
       0
       1
       0
       0
       0
       0
       0
       0
       0
       0
       0
       0
       0
       1
       0
       0
       0
       0
       0
       0
       0
       0
       1
       1
       0
       1
       0
       2
       1
       1
       1
       0
       0
       2
       0
       0
       1
       1
       0
       0
       0
       1
       0
       0
       0
       1
       1
       0
       1
       2
       0
       1
       0
       2
       0
       0
       0
       0
       0
       1
       0
       0
       0
       0
       0
       1
       0
       0
       0
       0
       0
       0
       0
       0
       0
       0
       0
       0
       0
       0
       0
       0
       1
       0
       0
       0
       0
       1
       0
       0
       0
       0
       1
       1
       0
       1
       0
       0
       0
       0
       1
       1
       0
       0
       0
       0
       0
       0
       0
       0
       0
       0
       0
       0
       0
       0
       0
       0
       1
       0
       1
       0
       0
       0
       0
       0
       0
       0
       0
       0
       0
       0
       0
       0
       0
       0
       0
       0
       0
       0
       0
       0
       0
       0
       0
       0
       0
       0
       0
       0
       0
       0
       0
       0
       0
