       0 
       511
       0
       0
       0
       0
       0
       0
       0
       0
       0
       0
       0
       0
       0
       0
       0
       0
       0
       1
      23
     129
     151
     145
     146
     157
     174
     186
     170
     163
     184
     197
     197
     196
     205
     219
     215
     218
     240
     222
     216
     210
     214
     205
     239
     234
     228
     191
     211
     202
     186
     187
     184
     201
     168
     171
     209
     178
     191
     185
     172
     168
     177
     156
     164
     168
     158
     132
     157
     154
     166
     159
     181
     146
     136
     166
     166
     135
     147
     155
     148
     152
     140
     154
     145
     165
     151
     159
     163
     148
     138
     139
     140
     111
     111
      90
      86
      90
      92
      81
      77
      71
      53
      64
      61
      50
      58
      55
      75
      60
      67
      69
      66
      70
      96
      71
      95
      80
     133
     137
     179
     253
     369
     468
     587
     764
     867
     989
    1099
    1097
    1050
    1022
     742
     655
     547
     377
     275
     155
      96
      70
      56
      17
      20
       4
       8
       3
       8
       8
       6
       3
       8
       4
      11
       4
       6
       9
       5
       3
       4
       2
       7
       7
       3
       4
       9
       3
       5
       8
       3
       2
       1
       3
       3
       1
       2
       3
       1
       4
       4
       5
       6
       2
       3
       3
       2
       3
       5
       5
       3
       4
       4
       2
       2
       4
       4
       4
       3
       2
       3
       1
       2
       2
       2
       1
       5
       4
       4
       3
       1
       1
       2
       3
       2
       3
       0
       5
       0
       3
       2
       4
       5
       1
       3
       3
       3
       2
       2
       3
       1
       5
       0
       4
       0
       2
       3
       2
       1
       0
       2
       3
       3
       2
       1
       0
       1
       3
       2
       2
       2
       1
       1
       0
       0
       1
       0
       1
       2
       3
       3
       3
       8
       4
       1
       5
       1
       1
       5
       2
       4
       3
       7
       2
       3
       1
       2
       2
       1
       3
       5
       3
       2
       2
       2
       0
       0
       3
       1
       1
       0
       0
       0
       3
       0
       1
       0
       2
       0
       1
       2
       1
       2
       0
       0
       1
       1
       1
       2
       2
       1
       1
       0
       0
       0
       0
       3
       0
       1
       0
       0
       0
       2
       0
       0
       1
       1
       1
       0
       1
       1
       1
       0
       0
       2
       0
       1
       0
       0
       0
       1
       0
       0
       0
       0
       1
       0
       1
       0
       0
       0
       0
       3
       0
       1
       0
       0
       0
       1
       0
       0
       0
       0
       0
       0
       0
       0
       1
       2
       0
       0
       0
       1
       0
       0
       0
       1
       0
       0
       0
       0
       1
       0
       1
       0
       0
       1
       1
       1
       1
       0
       1
       0
       0
       1
       0
       0
       2
       0
       0
       0
       0
       1
       0
       1
       0
       0
       1
       0
       1
       0
       1
       1
       0
       0
       0
       0
       0
       1
       1
       0
       0
       0
       0
       1
       0
       0
       1
       0
       1
       0
       0
       0
       0
       1
       0
       1
       0
       1
       0
       0
       0
       0
       0
       0
       0
       0
       0
       1
       0
       0
       0
       0
       0
       0
       1
       0
       0
       0
       0
       0
       3
       0
       0
       0
       1
       0
       0
       0
       1
       0
       0
       1
       0
       1
       0
       0
       1
       1
       0
       0
       2
       0
       0
       0
       1
       0
       0
       1
       0
       0
       0
       0
       0
       0
       0
       0
       0
       0
       0
       0
       0
       0
       0
       0
       0
       0
       0
       0
       0
       0
       0
       0
       0
       0
       0
