       0      
       511
       0
       0
       0
       0
       0
       0
       0
       0
       1
       1
       0
       0
       0
       0
       1
       0
       1
       2
      93
     672
     695
     680
     711
     770
     764
     782
     795
     813
     816
     855
     842
     845
     855
     890
     879
     961
     935
     960
    1035
    1086
    1097
    1108
    1109
    1096
    1077
    1064
    1024
    1005
     996
     927
     987
     968
     911
     936
     939
     935
     898
     827
     852
     896
     879
     827
     893
     841
     893
     855
     826
     875
     910
     821
     852
     805
     880
     839
     797
     864
     833
     831
     829
     821
     824
     827
     844
     879
     909
     802
     845
     806
     786
     761
     719
     635
     565
     526
     457
     474
     445
     379
     353
     357
     347
     340
     306
     297
     335
     296
     295
     321
     373
     334
     349
     351
     367
     393
     415
     492
     611
     818
    1071
    1395
    2007
    2652
    3253
    4002
    4764
    5285
    5693
    5535
    5343
    4800
    4026
    3195
    2480
    1830
    1241
     789
     433
     277
     137
      84
      37
      22
      16
      11
      11
       8
       9
       8
       6
       4
       5
       8
       3
       6
      13
       8
       6
       4
       6
       7
       4
       5
       9
       7
       6
       7
       7
       8
       5
       2
       6
       7
       2
       6
       8
       6
       8
       5
       2
       3
       5
       4
       6
       3
       3
       5
       8
       3
       9
       5
       5
       3
       6
       6
       6
       5
       2
       3
       5
       3
       6
       3
       6
       4
       5
       5
       6
       4
       6
       8
       3
       3
       5
       7
       5
       3
       3
       5
       1
       4
       7
       1
       4
       5
       0
       4
       5
       3
       1
       2
       2
       3
       5
       2
       6
       4
       3
       3
       2
       3
       2
       0
       2
       3
       0
       0
       0
       5
       3
       3
       3
       4
       2
       2
       3
       2
       0
       4
       3
       4
       7
       3
       3
       4
       9
       2
       5
       6
       7
      11
       4
       3
       5
       2
       3
       1
       1
       1
       2
       3
       2
       2
       2
       0
       2
       1
       0
       1
       0
       0
       1
       0
       0
       0
       1
       0
       0
       0
       1
       0
       1
       0
       0
       0
       3
       2
       0
       2
       1
       0
       0
       0
       1
       0
       0
       0
       0
       1
       0
       1
       2
       2
       0
       0
       1
       2
       0
       1
       1
       0
       0
       0
       0
       0
       0
       2
       1
       1
       0
       0
       1
       0
       1
       0
       0
       1
       0
       0
       2
       0
       0
       1
       0
       0
       1
       0
       0
       1
       0
       1
       1
       1
       0
       0
       1
       0
       0
       0
       0
       0
       0
       0
       1
       0
       0
       1
       0
       0
       0
       2
       0
       0
       0
       0
       2
       2
       0
       1
       0
       0
       1
       0
       0
       0
       0
       0
       0
       0
       1
       2
       0
       0
       0
       1
       2
       0
       1
       2
       0
       0
       1
       0
       1
       0
       1
       0
       1
       1
       0
       0
       1
       0
       0
       0
       1
       0
       1
       0
       1
       2
       0
       1
       0
       0
       0
       0
       1
       0
       0
       0
       0
       0
       0
       1
       0
       0
       0
       0
       0
       1
       0
       0
       0
       0
       0
       0
       0
       1
       0
       0
       0
       0
       1
       0
       0
       1
       0
       0
       1
       0
       1
       1
       0
       0
       0
       0
       0
       0
       0
       1
       2
       0
       0
       0
       0
       0
       0
       0
       0
       0
       0
       0
       0
       0
       0
       0
       0
       0
       0
       0
       0
       0
       0
       0
       0
       0
       0
       0
       0
       0
       0
       0